Case #1:
10000000000000000000000000000001 3 6883 5 2 7 2 3 5 11
10000000000000000000000000000011 1277 7 1423 11 23 157 569 797 53
10000000000000000000000000000101 7 13 1301 73 43 3 73 13 37
10000000000000000000000000000111 5 5 5 13 37 5 5 5 101
10000000000000000000000000001101 3 2 5 2 13 2 3 5 11
10000000000000000000000000010001 5 67 3 43 4423 5 6197 331 17
10000000000000000000000000010011 7 2 5 137 3023 37 3 5 11
10000000000000000000000000011001 457 41 5 2 1297 1201 17 5 137
10000000000000000000000000011101 593 5 31 1723 5 2801 5 61 41
10000000000000000000000000011111 97 2 5 2 7 2 3 5 3
10000000000000000000000000100001 7 13 7 31 41 197 73 13 37
10000000000000000000000000100101 5 5 5 13 709 5 5 5 101
10000000000000000000000000101011 41 1553 19 103 5 151 3 2237 1723
10000000000000000000000000101111 5 5 17 13 37 5 5 13 101
10000000000000000000000000110001 3 2713 5 2 3719 2 3 5 11
10000000000000000000000000110111 3 3821 5 443 7 2621 3 5 3
10000000000000000000000000111001 5 317 47 23 5 101 83 523 31
10000000000000000000000000111011 17 109 257 1511 1297 1201 17 53 1433
10000000000000000000000000111101 7 13 5 2 29 2 41 5 37
10000000000000000000000001000011 101 5 5 13 37 5 5 5 101
10000000000000000000000001000111 709 17 53 293 5 263 2663 137 67
10000000000000000000000001001001 1999 2 5 1487 89 2 8539 5 11
10000000000000000000000001001011 7 7 11 223 5 103 113 3821 7
10000000000000000000000001001111 29 2 5 2 61 2 5189 5 229
10000000000000000000000001010111 5 5 29 3307 37 5 5 41 101
10000000000000000000000001011011 1601 2 5 2 17 4871 61 5 3
10000000000000000000000001011101 13 41 257 2 269 1201 17 193 137
10000000000000000000000001100001 5 5 5 881 101 5 5 5 101
10000000000000000000000001100111 7 53 5 2 7 2 9419 5 37
10000000000000000000000001101011 5 5 17 1291 37 683 5 41 101
10000000000000000000000001101101 3 109 5 2 919 2 53 5 113
10000000000000000000000001101111 269 7 211 397 733 13 7 71 7
10000000000000000000000001110011 397 2 5 2 7 137 59 5 3
10000000000000000000000001110101 5 5 17 37 37 5 5 13 101
10000000000000000000000001110111 13 1093 127 7 53 101 7 547 4649
10000000000000000000000001111001 1433 2 5 2 13 467 3 5 3
10000000000000000000000001111111 5 101 5 13 37 5 5 5 101
10000000000000000000000010000101 3 2 5 41 503 2 3 5 1733
10000000000000000000000010001001 5 2 2179 89 11 2341 211 2 23
10000000000000000000000010001111 431 37 3 2 13 7247 61 2027 97
10000000000000000000000010010001 13 2 6317 1063 257 2 439 5 11
10000000000000000000000010010011 5 13 887 53 5 5 1097 71 7
10000000000000000000000010010101 151 5 2423 19 5 977 5 17 7417
10000000000000000000000010010111 3 2 5 2 3001 13 29 5 233
10000000000000000000000010011001 197 11 7 13 5 37 31 61 41
10000000000000000000000010011101 5 101 101 2 7 5 3 479 9533
10000000000000000000000010100011 37 1429 4679 3 5 4973 479 541 8839
10000000000000000000000010100111 5 5 13 13 37 5 5 41 101
10000000000000000000000010101101 71 29 547 317 43 157 2371 13 37
10000000000000000000000010110001 5 23 701 269 5 5 41 2281 19
10000000000000000000000010110101 59 2 5 523 757 2 1109 5 3
10000000000000000000000010110111 2207 7 977 83 67 241 71 17 29
10000000000000000000000011000001 3 2 5 2 41 2 4909 5 59
10000000000000000000000011000111 3 229 5 677 17 193 3 5 3
10000000000000000000000011001011 73 757 1783 829 11 1063 1789 37 2897
10000000000000000000000011001101 3 5 5 2 7 2 5 5 1151
10000000000000000000000011010011 9743 2 5 2 7 101 3 5 3
10000000000000000000000011010101 191 8429 367 2 173 2 37 2 1051
10000000000000000000000011011001 5 2 5 8161 7 5 311 5 2383
10000000000000000000000011011111 13 2 5 29 7 3361 3 5 1609
10000000000000000000000011100001 97 1433 149 229 977 7883 947 17 751
10000000000000000000000011100011 5 5 17 2131 37 5 5 6121 101
10000000000000000000000011100101 233 61 5 3617 101 29 1487 5 9091
10000000000000000000000011101101 5 7 5861 853 5483 5 7 251 7
10000000000000000000000011110001 3 2 5 4001 7 3463 3 5 61
10000000000000000000000011110111 5 5 5 13 37 5 5 5 5857
10000000000000000000000011111011 7901 2 7 439 1823 2 1787 2 8101
10000000000000000000000011111101 29 2 5 2 97 2 3 5 103
10000000000000000000000100000001 5 3931 7 31 11 5 53 13 347
10000000000000000000000100000011 3389 2 5 2 137 4349 3 5 11
10000000000000000000000100001001 3 2 5 2 7 73 3 5 11
10000000000000000000000100001111 7 13 5 2 3037 2 73 5 37
10000000000000000000000100010001 11 5 191 37 89 2 5 2 113
10000000000000000000000100010011 1697 61 3803 601 5 2777 37 647 9901
10000000000000000000000100010101 5 409 1163 71 5 5 4001 61 41
10000000000000000000000100011011 3 5 5 6833 7 2 5 5 53
10000000000000000000000100011101 7 13 181 2 73 2 73 13 37
10000000000000000000000100100001 89 2 5 2 13 2 3 5 1423
10000000000000000000000100100111 677 6199 5 2 7 1249 4253 5 3
10000000000000000000000100101001 5 257 2711 131 5 5 2437 113 359
10000000000000000000000100101011 59 13 7 2 43 2 73 479 37
10000000000000000000000100101101 13 397 5 2 4231 89 787 5 3
10000000000000000000000100110011 5 37 5 2 41 5 97 5 4603
10000000000000000000000100110101 439 109 419 2 971 2 491 2 4967
10000000000000000000000100111001 7 5 5 2 7 2 5 5 37
10000000000000000000000100111111 3 2 5 9829 3947 109 3 5 7583
10000000000000000000000101000111 6791 5 17 29 37 5 5 4391 101
10000000000000000000000101001011 17 2 5 109 7 2 3 5 113
10000000000000000000000101010101 7 13 7 2 229 2 73 13 37
10000000000000000000000101100011 7 13 5 37 7 379 137 5 2341
10000000000000000000000101100101 5 5 17 13 37 5 5 41 101
10000000000000000000000101101001 3 61 5 2 101 2 3 5 9091
10000000000000000000000101101111 5 5 5 8053 37 5 2953 5 101
10000000000000000000000101110001 29 13 7 2 2357 2 29 13 37
10000000000000000000000101110101 293 1103 127 2671 89 29 7 379 4649
10000000000000000000000101111011 13 1489 5 2 421 1511 631 5 11
10000000000000000000000101111111 7 13 109 31 587 3 73 53 269
10000000000000000000000110000001 37 193 5 2 9137 2 257 5 17
10000000000000000000000110000111 3 2 5 937 7 2 1087 5 7
10000000000000000000000110001101 5 13 5 2 7 5 73 5 37
10000000000000000000000110010001 2857 11 31 97 5 2801 13 37 41
10000000000000000000000110010011 53 5 5 757 7 2 5 5 3
10000000000000000000000110010101 13 2 3 2 79 2477 7393 2 3
10000000000000000000000110011001 3163 109 5 3217 7 2 3 5 3
10000000000000000000000110011111 3 89 5 2 157 97 3 5 1663
10000000000000000000000110100001 5 29 167 1783 1879 5 6133 29 211
10000000000000000000000110100011 97 2 13 2 13 4001 59 2 3
10000000000000000000000110100101 3467 2 5 2 7 2 4259 5 3
10000000000000000000000110101001 7 13 7 2 43 2 1567 179 37
10000000000000000000000110110001 17 5 5 61 7 2 5 5 3
10000000000000000000000110110111 7 2 5 2 7907 2 3 101 11
10000000000000000000000110111101 181 37 5 37 7 37 29 5 29
10000000000000000000000111000001 11 5 13 2441 3167 29 5 23 599
10000000000000000000000111000011 3 2 5 73 7 499 3 5 3
10000000000000000000000111000101 109 13 5639 2 1493 2 73 13 1237
10000000000000000000000111000111 977 6619 29 421 11 131 7 397 17
10000000000000000000000111001001 347 2 5 2 347 5 1489 5 251
10000000000000000000000111001111 3 2 347 2 701 2 3 5 29
10000000000000000000000111010011 5 19 1451 61 41 5 7 7 2069
10000000000000000000000111011011 3 269 5 797 233 2 3 5 1511
10000000000000000000000111011111 1051 5 3 647 1237 293 5 283 587
10000000000000000000000111100001 7 13 5 193 7 13 2713 5 37
10000000000000000000000111100111 5 5 5 13 37 5 5 5 101
10000000000000000000000111101101 3 61 5 89 101 2 3 5 9091
10000000000000000000000111101111 73 2083 73 829 43 1063 73 37 37
10000000000000000000000111110011 3 2 5 109 53 2 1103 5 1997
10000000000000000000000111110101 17 2 29 157 1979 2 113 2 17
10000000000000000000000111111001 3 2 5 2 7 2 37 5 439
10000000000000000000000111111101 53 5 7 6263 43 3 5 13 37
10000000000000000000000111111111 1061 2 7517 2 5 2 3 5 11
10000000000000000000001000000101 5 5 5 13 37 5 5 5 101
10000000000000000000001000001101 193 11 31 61 5 443 467 61 1051
10000000000000000000001000001111 5 5 17 13 37 5 5 41 101
10000000000000000000001000010001 3 37 5 5167 7 89 53 5 1091
10000000000000000000001000010111 13 2 5 211 7 2 3 5 3
10000000000000000000001000011011 6421 2 3 2 269 2 7333 2 1879
10000000000000000000001000011101 3 157 5 41 307 13 3 5 59
10000000000000000000001000100011 5 31 1097 3 5 5 3217 4729 31
10000000000000000000001000100111 61 257 7 53 43 2 647 13 37
10000000000000000000001000101001 3 29 13 7 5 43 3 37 53
10000000000000000000001000101101 5 5 17 8543 37 5 5 157 101
10000000000000000000001000110011 1949 2 3 2 197 547 229 6863 53
10000000000000000000001000110101 7 13 5 2 7 2 73 5 37
10000000000000000000001000111001 17 881 257 2 1297 877 17 193 1087
10000000000000000000001000111011 3 5 13 101 31 43 5 73 13
10000000000000000000001001000001 5 5 5 13 37 5 5 5 101
10000000000000000000001001000011 647 7 383 809 5 101 43 7 7
10000000000000000000001001000111 3 2 5 2 7 2 3 479 3
10000000000000000000001001001011 5 5 1217 173 449 5 5 41 101
10000000000000000000001001001101 3 2 5 2 53 2 113 5 3
10000000000000000000001001010011 191 2 5 29 7 2 3 5 3
10000000000000000000001001010101 5 5 17 13 37 5 5 41 101
10000000000000000000001001011001 29 2 5 2339 7 2 2851 5 13
10000000000000000000001001011101 139 421 7 29 13 8353 7 6569 307
10000000000000000000001001011111 5 5 5 53 37 5 5 5 101
10000000000000000000001001100101 97 2 5 821 59 2 5197 5 3
10000000000000000000001001101001 5 5 17 13 37 5 5 41 101
10000000000000000000001001110001 3 29 5 2 101 157 3 5 9091
10000000000000000000001001110011 5 1093 1171 19 467 5 6203 547 1063
10000000000000000000001001110111 3 2 5 2 13 2 587 5 449
10000000000000000000001001111011 7 2 1609 37 2131 293 733 2 157
10000000000000000000001001111101 5 5 5 5081 37 5 4729 5 101
10000000000000000000001010000001 73 2 1999 73 149 2 41 2 149
10000000000000000000001010000101 1063 197 463 37 5 197 29 37 1033
10000000000000000000001010000111 5 5 17 13 37 5 5 41 101
10000000000000000000001010001001 269 5 523 71 5 2801 5 61 41
10000000000000000000001010001101 179 2 853 2 1999 2 11 2 7
10000000000000000000001010010101 3 2 5 2 61 503 17 5 2459
10000000000000000000001010011111 109 2 53 2 3389 293 1283 2 797
10000000000000000000001010100101 5 5 37 1151 37 5 5 13 101
10000000000000000000001010100111 3 379 149 61 59 11 7 67 23
10000000000000000000001010101111 5 5 541 13 37 5 5 41 101
10000000000000000000001010111001 5 7 29 7 53 5 157 73 13
10000000000000000000001011000011 5 5 479 13 37 5 101 41 101
10000000000000000000001011000101 3 53 5 2 113 2 3517 5 3
10000000000000000000001011000111 419 263 2269 199 137 349 7 29 293
10000000000000000000001011001001 211 619 751 37 6737 2 5903 2 3
10000000000000000000001011010001 229 2 5 2 7 5953 3 5 3
10000000000000000000001011010011 521 7 107 2689 103 4561 349 3463 41
10000000000000000000001011010111 5 5 5 13 37 5 5 5 101
10000000000000000000001011011011 47 2 379 2 59 97 6101 2 653
10000000000000000000001011011101 7 2 5 2 7 2 37 5 11
10000000000000000000001011100001 5 5 1237 29 37 5 5 37 101
10000000000000000000001011100111 13 137 5501 2 23 41 97 2 167
10000000000000000000001011101011 5 5 2957 13 37 5 5 41 101
10000000000000000000001011110101 5 5 5 13 101 5 5 5 101
10000000000000000000001011111011 1667 367 3 59 2521 13 3 83 17
10000000000000000000001011111111 4391 5 17 13 5 5 5 41 101
10000000000000000000001100000001 13 2 5 2 7 1259 2089 5 29
10000000000000000000001100000101 17 7 31 71 5 2801 31 61 41
10000000000000000000001100000111 29 13 5 2 4637 683 4397 5 37
10000000000000000000001100001011 11 2 751 2 53 443 479 2 7
10000000000000000000001100001101 41 2 5 97 7 2 3 5 3
10000000000000000000001100010011 5 2 5 2 7 5 3 5 3
10000000000000000000001100010101 947 9283 317 109 43 53 1931 13 37
10000000000000000000001100011001 7069 5 5 2341 7 2 5 5 3
10000000000000000000001100011011 61 73 241 53 97 13 37 6481 9901
10000000000000000000001100011111 3 2 5 1823 349 41 3 5 11
10000000000000000000001100100011 7 89 29 2 601 2371 73 13 37
10000000000000000000001100100101 137 449 5 9091 7 13 3 5 109
10000000000000000000001100110001 5 13 5 41 157 5 317 5 37
10000000000000000000001100110111 89 2 5 2 113 2 71 5 349
10000000000000000000001100111101 37 2 5 2 953 2 157 5 1627
10000000000000000000001100111111 7 5 7 31 43 173 5 293 37
10000000000000000000001101000011 317 443 5 2 7 2 3 5 563
10000000000000000000001101000101 5 5 1051 13 37 5 5 41 101
10000000000000000000001101001001 17 29 101 2 17 2 29 5 307
10000000000000000000001101001111 5 5 5 13 37 5 5 5 101
10000000000000000000001101010101 3 127 7901 1999 433 31 7 587 2179
10000000000000000000001101011011 7 2 809 2 7 2 3 5 269
10000000000000000000001101011111 41 7 3 8447 59 3 61 37 4637
10000000000000000000001101100001 3 2 5 2 29 2 211 5 257
10000000000000000000001101100011 5 53 103 151 503 5 157 479 7
10000000000000000000001101100111 3 2 5 2 7 857 59 5 11
10000000000000000000001101101101 5 5 5 13 37 5 5 5 101
10000000000000000000001101110011 71 2 5 1259 71 7673 2531 5 619
10000000000000000000001101110101 4877 2 1301 2 337 2 919 101 31
10000000000000000000001101110111 5 97 7 31 389 5 29 13 37
10000000000000000000001101111001 109 61 5 2 101 97 61 5 9091
10000000000000000000001101111111 3 157 5 2 5 37 3 5 11
10000000000000000000001110000001 5 11 617 71 5 5 31 61 41
10000000000000000000001110000011 523 193 3 2 797 2 257 2371 13
10000000000000000000001110000101 313 13 5 2 7 2 89 5 37
10000000000000000000001110010001 3 5 5 2531 7 2 5 5 191
10000000000000000000001110010111 3 2 5 41 7 6451 149 5 1153
10000000000000000000001110011011 79 5 7 2 397 2 5 709 7
10000000000000000000001110011101 13 2 5 29 7 2 3 5 7213
10000000000000000000001110100001 7 13 7 9341 43 2 73 13 37
10000000000000000000001110101011 457 2 691 4091 13 37 4463 2 1531
10000000000000000000001110101101 197 2 2729 2 47 2 61 211 7
10000000000000000000001110101111 17 13 101 3 43 397 73 13 37
10000000000000000000001110110101 29 97 5 2 7 2 3 5 11
10000000000000000000001110110111 349 5 3 7 601 7873 5 4051 3
10000000000000000000001110111101 5 13 499 31 2137 5 73 13 37
10000000000000000000001110111111 293 2 37 2137 2659 2801 31 61 5393
10000000000000000000001111000001 3 89 5 439 193 37 37 5 3
10000000000000000000001111000111 5 5 5 13 37 5 5 5 101
10000000000000000000001111001101 2963 2 5 4871 7 2 353 5 431
10000000000000000000001111010011 3 2 5 2 7 173 17 5 11
10000000000000000000001111010101 43 2 347 2 6067 8527 503 2 251
10000000000000000000001111011001 7 461 5 2 269 3889 743 5 4391
10000000000000000000001111011111 3 2 5 2 5 2 3 1237 1373
10000000000000000000001111100011 9941 2 13 523 5857 389 11 2 23
10000000000000000000001111100101 5 5 5 13 37 5 5 5 101
10000000000000000000001111100111 2777 13 59 1117 17 59 73 13 37
10000000000000000000001111101111 5 5 17 13 5 5 5 29 101
10000000000000000000001111110001 113 2 5 2 7 2099 3 479 7537
10000000000000000000001111110101 7 4457 7 61 43 3 73 13 37
10000000000000000000001111110111 3 2 5 6833 5 2 3 5 17
10000000000000000000001111111001 5 19 641 47 509 5 3319 1201 3
10000000000000000000001111111011 2543 2 317 8539 5 2 43 2 31
10000000000000000000001111111101 3 61 5 2 101 2801 3 5 9091
10000000000000000000010000000001 1879 59 37 17 191 3 1789 1319 3
10000000000000000000010000000011 5 5 5 13 37 5 5 5 101
10000000000000000000010000001001 3 2 5 317 7 2 89 5 13
10000000000000000000010000001111 61 2 5 853 7 2 733 5 29
10000000000000000000010000010101 17 7 3643 7 5 43 3 73 29
10000000000000000000010000010111 5 5 53 13 37 5 5 41 101
10000000000000000000010000011011 37 2 5 2 7 1489 29 5 13
10000000000000000000010000011101 149 61 461 229 13 29 3701 2 419
10000000000000000000010000100001 5 5 5 499 37 5 5 5 101
10000000000000000000010000100111 3 2 5 2 137 13 619 5 41
10000000000000000000010000101011 5 5 17 13 37 5 5 101 101
10000000000000000000010000101101 8747 13 5 37 7 661 73 5 37
10000000000000000000010000110011 3 8543 5 2 7 2 3 5 1237
10000000000000000000010000110101 101 5 17 13 37 5 5 4001 101
10000000000000000000010000110111 137 883 7 79 13 79 6827 317 197
10000000000000000000010000111001 13 2459 1549 2 7 2 3 5 3
10000000000000000000010000111111 5 5 5 13 37 5 5 5 101
10000000000000000000010001001011 1103 2 5 2 7 2 3 5 3
10000000000000000000010001001101 571 53 6491 29 9397 53 379 461 3
10000000000000000000010001010001 3 71 7 3 5 257 443 4943 257
10000000000000000000010001010011 5 5 17 211 37 5 5 41 101
10000000000000000000010001010101 41 877 4861 461 1861 2 101 2 3
10000000000000000000010001011001 17 29 257 2 29 1201 17 193 137
10000000000000000000010001011101 5 7 89 73 31 5 7 73 13
10000000000000000000010001100011 29 2 5 53 773 61 211 5 2017
10000000000000000000010001100101 37 257 7 2 43 2 73 1217 37
10000000000000000000010001101001 3 2 5 2 41 13 6673 5 3
10000000000000000000010001101111 211 29 5 2 149 2 3 5 11
10000000000000000000010001110001 5 683 17 1013 37 5 5 29 101
10000000000000000000010001110011 7 5189 71 479 139 97 7 7 7
10000000000000000000010001111011 5 5 5 13 37 5 5 5 101
10000000000000000000010010000001 2099 269 5 449 29 911 5419 5 11
10000000000000000000010010000111 13 157 5 157 149 2 3 5 3
10000000000000000000010010001101 911 5 5 2 313 2 5 5 3
10000000000000000000010010010011 3 2 5 37 4733 2 2243 5 17
10000000000000000000010010011001 5 2 5 349 7 5 3 5 13
10000000000000000000010010011011 89 5 227 17 677 17 5 317 61
10000000000000000000010010011111 3 97 5 2 13 2 41 5 211
10000000000000000000010010100011 5 5 1163 13 5501 5 5 41 101
10000000000000000000010010100101 809 137 5 2 7 2 1297 5 3
10000000000000000000010010101001 6673 2 3 2 11 479 379 2 53
10000000000000000000010010101101 5 167 3257 563 2659 5 761 1091 1399
10000000000000000000010010110001 3 2 5 2 7 2 3 977 113
10000000000000000000010010110111 5 5 5 13 37 5 5 5 101
10000000000000000000010010111101 3 2 5 2 7 13 3 5 13
10000000000000000000010010111111 593 2543 3 5197 283 3 37 1627 103
10000000000000000000010011000011 3 2 5 2 8699 3863 173 5 3851
10000000000000000000010011001001 379 5 5 829 13 1063 5 5 3
10000000000000000000010011001111 3 2 101 2 757 2 29 5 17
10000000000000000000010011010001 277 2 3 2 349 2 61 1021 3
10000000000000000000010011011011 59 2 5 2 7 2 3 5 53
10000000000000000000010011100001 17 421 5 2 4871 2 4733 5 41
10000000000000000000010011100111 3 2 5 2 89 2 3 5 11
10000000000000000000010011101101 587 2 5 2 7 2 443 5 11
10000000000000000000010011110011 5 5 5 13 37 2659 5 5 101
10000000000000000000010011111001 37 2 4339 37 7 2 173 5 11
10000000000000000000010011111111 101 2 5 2 5 751 3 5 787
10000000000000000000010100000111 5 5 17 257 37 5 5 41 101
10000000000000000000010100001011 619 977 5 4877 173 37 443 5 3
10000000000000000000010100001101 7 13 7 2 11 2 73 13 37
10000000000000000000010100001111 3457 1373 11 211 13 3037 7 149 7
10000000000000000000010100010001 5 7 13 7 5 5 3 73 13
10000000000000000000010100011001 23 37 2473 2 17 179 101 2 3
10000000000000000000010100100011 13 53 5 6863 7 2 149 5 877
10000000000000000000010100100101 5 5 1091 13 37 5 5 41 101
10000000000000000000010100101001 7 677 5 1559 7 269 73 5 37
10000000000000000000010100101111 5 5 5 13 37 5 5 5 101
10000000000000000000010100110001 8219 101 523 2 13 719 179 2 3
10000000000000000000010100110101 3 7 13 17 31 37 101 179 13
10000000000000000000010100111011 3 3389 5 5077 8929 2 41 5 13
10000000000000000000010101000001 3 131 1217 3 5 317 17 101 5441
10000000000000000000010101000011 5 5 7043 13 37 5 5 37 101
10000000000000000000010101000101 7741 13 397 2857 43 2 73 13 37
10000000000000000000010101000111 17 967 1867 3 17 2957 7 1549 907
10000000000000000000010101001101 5 1789 11 3 593 5 41 89 4759
10000000000000000000010101001111 191 2 4813 29 7537 2 1039 53 41
10000000000000000000010101010101 19 523 5 19 1033 59 7 5 9043
10000000000000000000010101010111 5 5 17 2671 37 5 5 41 101
10000000000000000000010101011001 4931 5 13 1601 827 43 5 73 13
10000000000000000000010101011011 2339 2 2377 89 29 2 479 2 29
10000000000000000000010101100001 5 5 17 13 37 5 5 4903 101
10000000000000000000010101100011 239 29 101 1013 29 2953 89 11 3923
10000000000000000000010101100111 353 97 5849 2 41 37 61 2 7
10000000000000000000010101101011 5 5 5 13 37 5 5 5 101
10000000000000000000010101101111 3547 13 7 503 109 3 7309 13 37
10000000000000000000010101110101 5 5 17 13 37 5 5 2381 101
10000000000000000000010101111101 61 13 3581 7 941 3 29 13 37
10000000000000000000010101111111 5 5 17 13 5 5 5 41 101
10000000000000000000010110000011 461 547 5 449 29 3767 5419 5 6379
10000000000000000000010110000101 257 193 3 2 4877 2 257 1879 17
10000000000000000000010110001001 5 389 5 353 7 5 37 5 3
10000000000000000000010110001011 13 5 4567 7 11 11 5 7 29
10000000000000000000010110001111 3 2 5 137 661 2 17 5 2741
10000000000000000000010110010101 3 5 7 3 19 13 5 317 953
10000000000000000000010110011011 599 647 5 2 7 2 3 5 11
10000000000000000000010110100001 2141 2 5 2 7 2 3 5 4421
10000000000000000000010110100011 569 109 641 37 4099 73 37 263 73
10000000000000000000010110100111 5 5 5 2659 37 5 5 5 101
10000000000000000000010110101101 17 2 5 2 821 2 3 101 233
10000000000000000000010110110011 3 2269 5 2 13 3413 3 5 1801
10000000000000000000010110111001 1259 2 5 2 7 2 3 5 13
10000000000000000000010110111101 317 5 113 73 71 53 5 7193 1831
10000000000000000000010110111111 29 37 5 173 5 439 3 5 89
10000000000000000000010111001011 3 2 5 2 61 2 3 5 41
10000000000000000000010111010011 883 13 23 4211 19 1231 83 97 89
10000000000000000000010111100011 5 5 5 1123 37 5 5 5 101
10000000000000000000010111101001 3 2 5 2 2663 2 3 5 661
10000000000000000000010111101101 5 757 73 829 43 5 73 37 37
10000000000000000000010111101111 41 2 5 97 5 13 53 5 11
10000000000000000000010111110111 5 5 17 13 5 5 5 41 101
10000000000000000000010111111011 181 229 5 2 5 53 4861 5 11
10000000000000000000011000000001 683 5 5 13 37 5 5 5 101
10000000000000000000011000000011 1789 53 5701 17 5 13 3701 17 3833
10000000000000000000011000000111 1237 2 5 547 7 2 3 5 1087
10000000000000000000011000001001 293 19 229 251 5 409 29 3517 163
10000000000000000000011000001011 5 5 307 53 37 5 5 5519 101
10000000000000000000011000001101 13 2 5 9103 7 2011 3 5 307
10000000000000000000011000010011 1039 37 5 5167 677 2 761 5 13
10000000000000000000011000010101 5 5 17 13 37 5 5 41 101
10000000000000000000011000011001 7297 9811 5 2 7 29 3 5 3
10000000000000000000011000011111 5 5 5 13 37 5 5 5 101
10000000000000000000011000100101 7 13 5 3449 7 2 73 5 37
10000000000000000000011000101001 5 5 6379 13 37 5 5 4297 101
10000000000000000000011000101011 3 7 13 7 31 29 7 317 13
10000000000000000000011000110001 3 461 5 37 7 13 1171 5 4259
10000000000000000000011000110111 7841 7703 5 2 7 2 29 5 13
10000000000000000000011000111011 563 2 7 2 197 2 293 2 31
10000000000000000000011000111101 5 5 5 13 37 5 5 5 101
10000000000000000000011001000011 751 2 5 2 7 2 3 5 3
10000000000000000000011001001001 4751 109 5 3313 7 2 3 5 13
10000000000000000000011001001111 2897 1327 5 2 307 29 3 5 89
10000000000000000000011001010001 5 5 17 13 37 5 5 41 101
10000000000000000000011001010101 3 1259 13 1013 31 71 503 73 13
10000000000000000000011001011011 5 5 977 29 37 5 5 5 101
10000000000000000000011001011111 19 59 3 47 19 3 23 89 3
10000000000000000000011001100001 1201 37 5 2 7 2 3 5 3517
10000000000000000000011001100101 5 11 853 41 29 5 53 37 359
10000000000000000000011001100111 3 2 5 2 53 347 3 5 11
10000000000000000000011001101001 31 43 1151 17 13 53 7 1667 503
10000000000000000000011001101101 1613 2 5 2 7 41 647 5 13
10000000000000000000011001110011 3 2 5 2 7 2 2179 5 17
10000000000000000000011001110101 13 2 271 2 1709 97 4079 29 223
10000000000000000000011001111001 5 5 5 13 37 5 5 5 101
10000000000000000000011001111111 73 2 5 353 5 2 179 5 13
10000000000000000000011010000011 5 5 17 89 37 5 5 41 101
10000000000000000000011010000101 223 547 5 449 29 911 5419 5 3
10000000000000000000011010000111 7 3137 41 7 719 4679 37 7 619
10000000000000000000011010001001 23 2 631 2 1327 2 7211 3463 3
10000000000000000000011010001011 53 1193 61 3 271 1051 7 37 17
10000000000000000000011010001111 13 89 59 2 127 89 1481 2 71
10000000000000000000011010010001 3 2 5 2 4349 41 709 5 13
10000000000000000000011010010011 101 2213 79 11 13 11 193 5821 233
10000000000000000000011010010111 5 5 5 13 37 5 5 5 101
10000000000000000000011010011101 1217 37 5 2 751 2 3 5 11
10000000000000000000011010100001 5 5 17 157 37 5 5 41 101
10000000000000000000011010100111 29 2 37 2 401 307 211 2 29
10000000000000000000011010101001 13 7 13 7 6211 619 7 73 857
10000000000000000000011010101011 5 5 89 13 37 5 5 1487 101
10000000000000000000011010101111 3 29 1667 3 11 61 29 719 3
10000000000000000000011010110101 1031 5 5 13 37 5 5 5 101
10000000000000000000011010111011 2551 4637 13 37 313 3 3 73 997
10000000000000000000011010111111 5 5 3727 13 5 5 5 443 101
10000000000000000000011011000001 197 2 5 2 787 2 3 5 3
10000000000000000000011011000111 71 2 5 2 13 2 157 5 11
10000000000000000000011011001101 191 2 5 677 7 13 3 5 7411
10000000000000000000011011001111 163 5 3 7 3467 3 5 29 4933
10000000000000000000011011010011 5 5 5 2953 37 5 5 5 101
10000000000000000000011011010101 859 2269 109 37 1327 3923 17 2 503
10000000000000000000011011011001 3 53 5 73 17 2833 457 5 29
10000000000000000000011011011111 157 2 5 2 5 2 3 5 11
10000000000000000000011011100101 41 9901 5 2 229 53 3 5 5309
10000000000000000000011011100111 5 2027 797 269 523 5 1867 7349 7
10000000000000000000011011110001 5 5 5 13 37 5 5 101 101
10000000000000000000011011110111 13 29 5 2 5 2 461 5 1237
10000000000000000000011011111011 5 5 101 13 5 5 5 13 101
10000000000000000000011011111101 3371 2 5 53 5 2 3 5 821
10000000000000000000011100000011 3 2 5 2 13 3191 367 3449 3
10000000000000000000011100000101 5 5 17 13 37 5 5 13 101
10000000000000000000011100001001 3 2 5 2 293 2 251 5 3
10000000000000000000011100001101 367 389 389 101 353 11 59 359 61
10000000000000000000011100001111 5 5 5 13 37 5 5 5 101
10000000000000000000011100011011 29 2 5 2477 73 2 2131 5 11
10000000000000000000011100011101 251 2 2741 2 11 2 4643 719 7
10000000000000000000011100100001 719 857 5 2801 61 4931 61 5 37
10000000000000000000011100100111 3 2 5 2 541 2 17 5 71
10000000000000000000011100101011 3541 2 29 2 3593 2 281 2053 677
10000000000000000000011100101101 5 5 5 13 37 5 5 5 101
10000000000000000000011100101111 7 3499 7 31 43 3 73 13 37
10000000000000000000011100110011 3 2 5 61 7 53 3 5 379
10000000000000000000011100110101 347 1709 179 2 521 13 41 2 5651
10000000000000000000011100111001 3 2 5 2 3119 2 1409 5 11
10000000000000000000011100111101 457 13 7 89 43 3 317 13 37
10000000000000000000011100111111 173 2 5 619 5 2 3 5 233
10000000000000000000011101000001 5 5 3109 13 37 6883 5 6379 101
10000000000000000000011101000101 13 37 293 61 11 5801 1217 719 461
10000000000000000000011101001001 37 53 179 53 2221 13 2659 421 1907
10000000000000000000011101001011 5 5 5 137 37 5 5 5 101
10000000000000000000011101010001 647 2521 61 7 89 11 7 1163 13
10000000000000000000011101010101 5 5 101 13 269 5 5 41 101
10000000000000000000011101010111 3 17 3 53 1021 3 59 109 3
10000000000000000000011101011111 5 5 1741 13 5 5 5 41 101
10000000000000000000011101100011 89 2 5 157 59 13 953 5 4871
10000000000000000000011101100111 17 5 7 31 683 733 5 13 37
10000000000000000000011101101001 5 5 5 13 37 5 5 5 101
10000000000000000000011101101111 3 2 5 2 5 2 3 941 11
10000000000000000000011101110101 7 109 13 97 31 3 2767 13 37
10000000000000000000011101111011 3 2 5 2 5 761 809 5 13
10000000000000000000011101111101 5 5 1153 13 5 5 5 353 101
10000000000000000000011110000001 307 197 5 41 59 53 467 7549 3
10000000000000000000011110000111 5 5 5 449 37 5 5 5 101
10000000000000000000011110001101 1549 593 5 2 8419 2 17 5 11
10000000000000000000011110010011 37 13 5 2 7 2 5903 5 11
10000000000000000000011110011001 523 2 5 2 149 5153 3 5 71
10000000000000000000011110011101 6091 5 3 7 433 3221 5 607 3
10000000000000000000011110011111 59 2 5 2 5 2801 29 5 41
10000000000000000000011110100101 5 5 5 937 37 5 5 5 101
10000000000000000000011110101101 13 467 7 67 43 3 3821 29 37
10000000000000000000011110101111 5 5 17 13 5 5 5 37 101
10000000000000000000011110110001 4973 2 5 2 7 29 59 5 13
10000000000000000000011110110101 19 29 29 19 11 479 29 11 8713
10000000000000000000011110110111 3 2 5 2 5 197 3 5 997
10000000000000000000011110111101 3 2 5 2 5 109 523 5 31
10000000000000000000011111000011 5 5 5 37 37 5 5 5 101
10000000000000000000011111001001 29 2 5 2 7 2 1609 5 11
10000000000000000000011111001111 3 29 5 3463 5 2 3 5 191
10000000000000000000011111010111 5 5 17 13 5 5 5 41 101
10000000000000000000011111011011 41 353 5 2 5 2 3 5 421
10000000000000000000011111011101 37 2897 149 709 5 2801 31 61 41
10000000000000000000011111011111 61 7 7 137 653 67 83 17 7
10000000000000000000011111100001 5 5 347 197 37 5 5 5 101
10000000000000000000011111100101 7237 13 269 37 43 3 73 101 37
10000000000000000000011111100111 3 2 5 89 5 29 3 5 3121
10000000000000000000011111101011 5 5 5059 29 5 5 5 41 101
10000000000000000000011111101101 3 2 5 2 5 2 3 5 317
10000000000000000000011111101111 17 3023 1129 7 1109 487 263 89 19
10000000000000000000011111110011 7 2 5 2 347 2 3 5 29
10000000000000000000011111110101 5 5 3229 13 5 5 5 2017 101
10000000000000000000011111111001 4783 2 5 2 5 173 71 5 13
10000000000000000000011111111111 5 5 5 13 37 5 5 5 101
10000000000000000000100000000001 7 5 7 31 43 1373 347 13 37
10000000000000000000100000000101 1297 53 5 2 211 2 29 5 11
10000000000000000000100000001111 7 13 1613 2 43 2 1783 13 37
10000000000000000000100000010001 439 911 5 9241 1297 1201 17 5 137
10000000000000000000100000010101 89 5 673 773 5 1663 5 1907 3313
10000000000000000000100000010111 3 2 347 2 7 2 149 5 3
10000000000000000000100000011101 5 13 5 1433 1237 5 73 5 37
10000000000000000000100000100001 7963 1489 277 41 2971 53 431 2 173
10000000000000000000100000100111 101 5 17 37 37 5 5 41 101
