Case #1: 2
Case #2: 1
Case #3: IMPOSSIBLE
Case #4: 1 2
Case #5: 1 2 3
Case #6: IMPOSSIBLE
Case #7: 123456790
Case #8: IMPOSSIBLE
Case #9: 24835312118024 576731136962832 1128626961807640 1680522786652448 2232418611497256 2784314436342064 3336210261186872 3888106086031680 4440001910876488 4991897735721296 5543793560566104 6095689385410912
Case #10: IMPOSSIBLE
Case #11: 28
Case #12: 1 2 3 4 5 6 7 8 9 10 11 12 13 14 15 16 17 18 19 20 21 22 23 24 25 26 27 28 29 30 31 32 33 34 35 36 37 38 39 40 41 42 43 44 45 46 47 48 49 50 51 52 53 54 55 56 57 58 59 60 61 62 63 64 65 66 67 68 69 70 71 72 73 74 75 76 77 78 79 80 81 82 83 84 85 86 87 88 89 90 91 92 93 94 95 96 97 98 99 100
Case #13: 123456790
Case #14: 2 10
Case #15: 1
Case #16: 1 2 3 4 5 6 7 8 9
Case #17: 1
Case #18: IMPOSSIBLE
Case #19: IMPOSSIBLE
Case #20: 6
Case #21: 197605142792 2305393332496 4413181522200 6520969711904 8628757901608 10736546091312
Case #22: IMPOSSIBLE
Case #23: IMPOSSIBLE
Case #24: IMPOSSIBLE
Case #25: 1
Case #26: IMPOSSIBLE
Case #27: 6
Case #28: IMPOSSIBLE
Case #29: 2 12
Case #30: IMPOSSIBLE
Case #31: IMPOSSIBLE
Case #32: 3111702 32283858 61456014 90628170
Case #33: 1417181 46294426 91171671 136048916 180926161 225803406 270680651 315557896 360435141 405312386 450189631
Case #34: 9437184000008 189792256000016 370147328000024 550502400000032 730857472000040 911212544000048 1091567616000056 1271922688000064 1452277760000072 1632632832000080
Case #35: 445660887761168 6830435238951659 13215209590142150 19599983941332641 25984758292523132 32369532643713623 38754306994904114 45139081346094605
Case #36: 28
Case #37: 2
Case #38: 2
Case #39: IMPOSSIBLE
Case #40: 1
Case #41: 1
Case #42: IMPOSSIBLE
Case #43: 33362182 558816460 1084270738 1609725016 2135179294 2660633572 3186087850
Case #44: IMPOSSIBLE
Case #45: 271063304 1475789072
Case #46: 1 2 3
Case #47: 28
Case #48: 6053445
Case #49: 1
Case #50: IMPOSSIBLE
Case #51: 5733625182 89215207737 172696790292 256178372847 339659955402 423141537957 506623120512
Case #52: 10749542400000010 124963430400000020 239177318400000030 353391206400000040 467605094400000050 581818982400000060
Case #53: 23 1286 2549 3812 5075 6338 7601
Case #54: IMPOSSIBLE
Case #55: 1
Case #56: 4900000000000009 101200000000000018 197500000000000027 293800000000000036 390100000000000045 486400000000000054 582700000000000063 679000000000000072 775300000000000081 871600000000000090 967900000000000099 1064200000000000108
Case #57: 6
Case #58: IMPOSSIBLE
Case #59: IMPOSSIBLE
Case #60: 6
Case #61: 13445607 84976206
Case #62: 2 204 406 608 810 1012 1214 1416 1618 1820 2022 2224 2426 2628 2830 3032 3234 3436 3638 3840 4042 4244 4446 4648 4850 5052 5254 5456 5658 5860 6062 6264 6466 6668 6870 7072 7274 7476 7678 7880 8082 8284 8486 8688 8890 9092 9294 9496 9698 9900
Case #63: 1848416 65515911 129183406 192850901 256518396 320185891 383853386 447520881 511188376 574855871 638523366 702190861
Case #64: 7 70
Case #65: 1 2 3 4
Case #66: 342392
Case #67: 7400 340224 673048 1005872 1338696 1671520 2004344 2337168 2669992 3002816 3335640
Case #68: IMPOSSIBLE
Case #69: 2
Case #70: 1
Case #71: 114290809913354 864324249969684 1614357690026014 2364391130082344
Case #72: 417942208523 1609851469846
Case #73: 9005 74010
Case #74: IMPOSSIBLE
Case #75: 21828780048392 497211101102096 972593422155800 1447975743209504 1923358064263208 2398740385316912 2874122706370616 3349505027424320 3824887348478024 4300269669531728 4775651990585432 5251034311639136
Case #76: 103 30406 60709 91012 121315 151618 181921 212224 242527 272830 303133 333436 363739 394042 424345 454648 484951 515254 545557 575860 606163 636466 666769 697072 727375 757678 787981 818284 848587 878890 909193 939496 969799 1000102
Case #77: 250000000007 7600000000014 14950000000021 22300000000028 29650000000035 37000000000042 44350000000049 51700000000056 59050000000063 66400000000070 73750000000077 81100000000084 88450000000091 95800000000098 103150000000105
Case #78: 2504 70008 137512 205016 272520 340024 407528
Case #79: 195
Case #80: 1125005 34250010 67375015 100500020 133625025 166750030 199875035 233000040 266125045 299250050
Case #81: 1 2 3 4 5 6 7 8 9 10 11 12 13 14 15 16 17 18 19 20 21 22 23 24 25 26 27 28 29 30 31 32 33 34 35 36 37 38 39 40 41 42 43 44 45 46 47 48 49 50 51 52 53 54 55 56 57 58 59 60 61 62 63 64 65 66 67 68 69 70 71
Case #82: 22876
Case #83: IMPOSSIBLE
Case #84: 1940 48408 94876 141344 187812 234280
Case #85: 1 2 3 4 5 6 7 8 9 10 11 12 13 14 15 16 17
Case #86: IMPOSSIBLE
Case #87: IMPOSSIBLE
Case #88: 533876 12990871 25447866 37904861 50361856 62818851 75275846 87732841
Case #89: 40004 4120008 8200012 12280016 16360020 20440024 24520028 28600032 32680036 36760040 40840044 44920048 49000052 53080056 57160060 61240064 65320068 69400072 73480076 77560080 81640084 85720088 89800092 93880096 97960100
Case #90: IMPOSSIBLE
Case #91: 2
Case #92: IMPOSSIBLE
Case #93: 1
Case #94: 147456000008 1654784000016 3162112000024 4669440000032 6176768000040
Case #95: 8625631282 143875529681 279125428080 414375326479 549625224878 684875123277 820125021676 955374920075
Case #96: IMPOSSIBLE
Case #97: 5724509 288769434 571814359 854859284 1137904209 1420949134 1703994059 1987038984 2270083909 2553128834 2836173759 3119218684 3402263609 3685308534 3968353459 4251398384 4534443309 4817488234
Case #98: IMPOSSIBLE
Case #99: IMPOSSIBLE
Case #100: 33893285378444 824736610875292 1615579936372140 2406423261868988 3197266587365836 3988109912862684 4778953238359532 5569796563856380 6360639889353228 7151483214850076 7942326540346924 8733169865843772 9524013191340620
